[NumberOfWaves] 200
=================================
0.000056	26.000000	0.000000	2.353305
0.000134	25.362745	0.000000	5.973514
0.000292	24.755981	0.000000	4.599254
0.000577	24.177570	0.000000	3.761482
0.001054	23.625571	0.000000	0.980294
0.001795	23.098214	0.000000	0.980142
0.002875	22.593886	0.000000	0.364950
0.004367	22.111111	0.000000	5.442345
0.006331	21.648536	0.000000	3.776917
0.008808	21.204918	0.000000	4.448951
0.011820	20.779116	0.000000	0.129336
0.015363	20.370079	0.000000	6.094123
0.019411	19.976834	0.000000	5.230391
0.023919	19.598485	0.000000	1.334166
0.028824	19.234201	0.000000	1.142440
0.034052	18.883212	0.000000	1.152365
0.039522	18.544803	0.000000	1.911610
0.045152	18.218310	0.000000	3.297142
0.050861	17.903114	0.000000	2.713991
0.056576	17.598639	0.000000	1.829847
0.062231	17.304348	0.000000	3.844385
0.067780	17.019737	0.000000	0.876466
0.073193	16.744337	0.000000	1.835599
0.078465	16.477707	0.000000	2.301919
0.083623	16.219436	0.000000	2.865572
0.088731	15.969136	0.000000	4.933406
0.093891	15.726444	0.000000	1.254587
0.099252	15.491018	0.000000	3.231030
0.105001	15.262537	0.000000	3.722251
0.111358	15.040698	0.000000	0.291857
0.118555	14.825215	0.000000	3.817317
0.126809	14.615819	0.000000	1.071435
0.136274	14.412256	0.000000	0.408731
0.146981	14.214286	0.000000	5.962024
0.158763	14.021680	0.000000	6.067245
0.171185	13.834225	0.000000	5.079310
0.183497	13.651715	0.000000	1.913945
0.194671	13.473958	0.000000	0.613692
0.203527	13.300771	0.000000	4.299163
0.208974	13.131980	0.000000	2.765560
0.210310	12.967419	0.000000	0.766789
0.208394	12.806931	0.000000	3.111288
0.203928	12.650367	0.000000	0.216069
0.197313	12.497585	0.000000	5.713429
0.189091	12.348449	0.000000	1.625963
0.179857	12.202830	0.000000	4.162750
0.170181	12.060606	0.000000	1.958538
0.160554	11.921659	0.000000	3.267684
0.151350	11.785877	0.000000	3.435082
0.142828	11.653153	0.000000	1.161475
0.135131	11.523385	0.000000	6.092080
0.128318	11.396476	0.000000	4.870303
0.122376	11.272331	0.000000	5.903046
0.117249	11.150862	0.000000	5.622366
0.112854	11.031983	0.000000	3.756716
0.109092	10.915612	0.000000	5.792307
0.105865	10.801670	0.000000	0.556015
0.103076	10.690083	0.000000	1.231397
0.100637	10.580777	0.000000	0.284171
0.098474	10.473684	0.000000	2.044111
0.096522	10.368737	0.000000	2.442131
0.094729	10.265873	0.000000	1.704936
0.093053	10.165029	0.000000	5.207111
0.091463	10.066148	0.000000	2.241547
0.089936	9.969171	0.000000	1.765164
0.088456	9.874046	0.000000	3.409860
0.087011	9.780718	0.000000	0.885453
0.085593	9.689139	0.000000	5.040352
0.084199	9.599258	0.000000	0.468416
0.082824	9.511029	0.000000	6.200793
0.081469	9.424408	0.000000	4.852157
0.080131	9.339350	0.000000	1.248567
0.078811	9.255814	0.000000	0.034696
0.077510	9.173759	0.000000	5.123695
0.076227	9.093146	0.000000	4.441316
0.074962	9.013937	0.000000	4.580487
0.073716	8.936097	0.000000	4.846035
0.072489	8.859589	0.000000	0.465236
0.071282	8.784380	0.000000	2.252307
0.070095	8.710438	0.000000	0.728027
0.068927	8.637730	0.000000	5.423039
0.067779	8.566225	0.000000	3.916298
0.066650	8.495895	0.000000	2.079094
0.065542	8.426710	0.000000	0.399349
0.064453	8.358643	0.000000	1.953960
0.063383	8.291667	0.000000	2.043187
0.062334	8.225755	0.000000	4.584251
0.061303	8.160883	0.000000	4.005892
0.060292	8.097027	0.000000	5.574522
0.059299	8.034161	0.000000	2.967014
0.058325	7.972265	0.000000	0.751433
0.057370	7.911315	0.000000	4.481449
0.056433	7.851290	0.000000	4.780153
0.055514	7.792169	0.000000	3.526609
0.054613	7.733931	0.000000	4.844130
0.053729	7.676558	0.000000	3.102609
0.052862	7.620029	0.000000	3.284427
0.052012	7.564327	0.000000	2.686319
0.051179	7.509434	0.000000	0.159713
0.050362	7.455331	0.000000	0.677902
0.049561	7.402003	0.000000	0.197475
0.048775	7.349432	0.000000	3.998685
0.048005	7.297602	0.000000	1.975157
0.047251	7.246499	0.000000	3.195444
0.046511	7.196106	0.000000	5.702408
0.045785	7.146409	0.000000	1.566349
0.045074	7.097394	0.000000	2.578512
0.044377	7.049046	0.000000	4.747268
0.043693	7.001353	0.000000	1.437581
0.043023	6.954301	0.000000	0.483679
0.042366	6.907877	0.000000	1.820562
0.041721	6.862069	0.000000	1.012983
0.041090	6.816864	0.000000	5.841463
0.040470	6.772251	0.000000	5.077570
0.039863	6.728218	0.000000	3.979793
0.039267	6.684755	0.000000	5.475548
0.038683	6.641849	0.000000	5.049621
0.038110	6.599490	0.000000	1.172254
0.037548	6.557668	0.000000	5.608114
0.036997	6.516373	0.000000	3.388787
0.036457	6.475594	0.000000	5.073296
0.035927	6.435323	0.000000	5.630308
0.035407	6.395550	0.000000	1.998075
0.034897	6.356265	0.000000	0.691477
0.034396	6.317460	0.000000	1.432159
0.033905	6.279126	0.000000	2.683597
0.033424	6.241255	0.000000	5.139738
0.032951	6.203837	0.000000	5.408130
0.032487	6.166865	0.000000	0.043682
0.032032	6.130332	0.000000	3.209120
0.031585	6.094229	0.000000	2.622671
0.031147	6.058548	0.000000	1.395545
0.030716	6.023283	0.000000	0.753136
0.030294	5.988426	0.000000	2.121299
0.029879	5.953970	0.000000	5.924476
0.029472	5.919908	0.000000	2.030744
0.029072	5.886234	0.000000	3.259658
0.028680	5.852941	0.000000	4.417198
0.028294	5.820022	0.000000	2.284752
0.027916	5.787472	0.000000	6.105887
0.027544	5.755284	0.000000	6.047235
0.027179	5.723451	0.000000	1.581995
0.026821	5.691969	0.000000	3.124305
0.026469	5.660832	0.000000	1.890474
0.026123	5.630033	0.000000	1.789706
0.025783	5.599567	0.000000	0.231768
0.025449	5.569429	0.000000	3.830006
0.025121	5.539615	0.000000	3.158425
0.024799	5.510117	0.000000	0.323451
0.024482	5.480932	0.000000	1.750787
0.024171	5.452055	0.000000	5.706803
0.023865	5.423480	0.000000	1.505212
0.023565	5.395203	0.000000	0.910401
0.023269	5.367220	0.000000	3.075322
0.022979	5.339525	0.000000	6.193024
0.022693	5.312115	0.000000	1.520878
0.022412	5.284985	0.000000	4.223152
0.022136	5.258130	0.000000	4.785397
0.021865	5.231547	0.000000	1.493121
0.021598	5.205231	0.000000	4.575518
0.021336	5.179179	0.000000	2.310850
0.021078	5.153386	0.000000	3.972895
0.020824	5.127849	0.000000	3.980585
0.020574	5.102564	0.000000	3.366372
0.020329	5.077527	0.000000	0.567307
0.020087	5.052734	0.000000	5.248360
0.019849	5.028183	0.000000	2.015521
0.019616	5.003868	0.000000	1.171930
0.019385	4.979788	0.000000	0.256198
0.019159	4.955939	0.000000	3.712690
0.018936	4.932316	0.000000	4.257262
0.018717	4.908918	0.000000	0.104224
0.018501	4.885741	0.000000	3.217576
0.018289	4.862782	0.000000	1.423115
0.018080	4.840037	0.000000	4.053740
0.017874	4.817505	0.000000	1.095577
0.017672	4.795181	0.000000	4.341290
0.017472	4.773063	0.000000	2.429930
0.017276	4.751148	0.000000	5.885648
0.017083	4.729433	0.000000	0.864070
0.016893	4.707916	0.000000	2.142983
0.016705	4.686594	0.000000	0.712975
0.016521	4.665464	0.000000	5.810021
0.016339	4.644524	0.000000	5.512486
0.016160	4.623771	0.000000	1.620695
0.015984	4.603203	0.000000	4.146802
0.015810	4.582817	0.000000	5.134759
0.015639	4.562610	0.000000	3.488430
0.015470	4.542581	0.000000	3.327893
0.015304	4.522727	0.000000	1.519603
0.015141	4.503046	0.000000	0.584982
0.014980	4.483536	0.000000	5.637373
0.014821	4.464193	0.000000	5.657494
0.014664	4.445017	0.000000	3.977894
0.014510	4.426005	0.000000	2.130187
0.014358	4.407155	0.000000	2.194148
0.014209	4.388465	0.000000	4.561314
0.014061	4.369932	0.000000	5.636710
0.013915	4.351556	0.000000	5.573728
0.013772	4.333333	0.000000	4.900103
