[NumberOfWaves] 400

=================================
-0.009977	10000.114388	0.000000	1.247702
-0.007760	5000.057194	0.000000	1.269599
-0.008018	3333.371463	0.000000	1.138217
-0.010692	2500.028597	0.000000	0.412790
-0.007760	2000.022878	0.000000	0.996238
-0.007838	1666.685731	0.000000	1.081585
-0.006835	1428.587770	0.000000	0.933952
-0.010995	1250.014299	0.000000	1.055662
-0.008032	1111.123821	0.000000	0.883290
-0.008448	1000.011439	0.000000	0.918552
-0.007282	909.101308	0.000000	0.861447
-0.007477	833.342866	0.000000	0.791706
-0.006921	769.239568	0.000000	0.633150
-0.005895	714.293885	0.000000	0.608624
-0.002305	666.674293	0.000000	1.539426
-0.022296	625.007149	0.000000	0.069070
-0.017738	588.242023	0.000000	6.255879
-0.023716	555.561910	0.000000	6.051267
-0.072141	526.321810	0.000000	5.813764
-0.051300	500.005719	0.000000	2.418919
-0.020309	476.195923	0.000000	2.138544
-0.014435	454.550654	0.000000	1.927328
-0.008414	434.787582	0.000000	2.167126
-0.012366	416.671433	0.000000	1.336366
-0.010282	400.004576	0.000000	1.154799
-0.010141	384.619784	0.000000	1.080541
-0.009397	370.374607	0.000000	0.724913
-0.009385	357.146942	0.000000	1.012381
-0.009589	344.831531	0.000000	0.887696
-0.009717	333.337146	0.000000	0.843296
-0.006721	322.584335	0.000000	1.123793
-0.009998	312.503575	0.000000	0.608711
-0.010524	303.033769	0.000000	0.512052
-0.010328	294.121011	0.000000	0.463871
-0.035771	285.717554	0.000000	6.043981
-0.012453	277.780955	0.000000	0.132402
-0.014013	270.273362	0.000000	6.136582
-0.020730	263.160905	0.000000	5.916698
-0.071842	256.413189	0.000000	2.233880
-0.008300	250.002860	0.000000	1.533679
-0.004284	243.905229	0.000000	0.943200
-0.001186	238.097962	0.000000	5.724387
-0.026610	232.560800	0.000000	0.662565
-0.011238	227.275327	0.000000	0.406760
-0.007901	222.224764	0.000000	0.456710
-0.008367	217.393791	0.000000	0.352616
-0.005049	212.768391	0.000000	6.136830
-0.005939	208.335716	0.000000	0.014887
-0.007615	204.083967	0.000000	0.209790
-0.006809	200.002288	0.000000	0.064127
-0.006602	196.080674	0.000000	0.326352
-0.007049	192.309892	0.000000	0.327999
-0.007171	188.681404	0.000000	0.311781
-0.013704	185.187303	0.000000	0.471659
-0.009234	181.820262	0.000000	1.480192
-0.016956	178.573471	0.000000	1.191102
-0.035998	175.440603	0.000000	1.120443
-0.183661	172.415765	0.000000	1.075300
-0.076383	169.493464	0.000000	4.207178
-0.034335	166.668573	0.000000	4.224978
-0.023125	163.936301	0.000000	4.282678
-0.025498	161.292168	0.000000	5.220523
-0.017957	158.731974	0.000000	3.809093
-0.014149	156.251787	0.000000	3.878662
-0.012502	153.847914	0.000000	3.835766
-0.014595	151.516885	0.000000	3.496890
-0.010926	149.255439	0.000000	3.763984
-0.011594	147.060506	0.000000	3.635910
-0.011596	144.929194	0.000000	3.436141
-0.007178	142.858777	0.000000	3.558025
-0.009528	140.846682	0.000000	3.279878
-0.008407	138.890478	0.000000	3.185554
-0.007411	136.987868	0.000000	3.357881
-0.014894	135.136681	0.000000	2.637476
-0.012158	133.334859	0.000000	2.692625
-0.013303	131.580452	0.000000	2.477487
-0.022521	129.871615	0.000000	2.350540
-0.036934	128.206595	0.000000	5.482409
-0.006659	126.583726	0.000000	5.302379
-0.003028	125.001430	0.000000	4.859413
-0.004587	123.458202	0.000000	1.138942
-0.015111	121.952614	0.000000	3.795426
-0.006513	120.483306	0.000000	3.144893
-0.005220	119.048981	0.000000	2.769559
-0.005528	117.648405	0.000000	2.554812
-0.003844	116.280400	0.000000	2.240349
-0.004131	114.943844	0.000000	1.910519
-0.002797	113.637664	0.000000	1.736224
-0.003773	112.360836	0.000000	0.424283
-0.005993	111.112382	0.000000	2.629709
-0.004158	109.891367	0.000000	2.258271
-0.004481	108.696896	0.000000	2.561248
-0.007545	107.528112	0.000000	2.515915
-0.004717	106.384196	0.000000	3.517795
-0.005922	105.264362	0.000000	3.320435
-0.013131	104.167858	0.000000	3.448607
-0.137365	103.093963	0.000000	3.695165
-0.025806	102.041984	0.000000	0.609865
-0.013915	101.011256	0.000000	0.735504
-0.011151	100.001144	0.000000	0.577732
-0.019437	99.011034	0.000000	2.103110
-0.008934	98.040337	0.000000	0.519401
-0.007265	97.088489	0.000000	0.688387
-0.005790	96.154946	0.000000	0.750205
-0.014327	95.239185	0.000000	0.423374
-0.009763	94.340702	0.000000	0.494847
-0.010593	93.459013	0.000000	0.618971
-0.010875	92.593652	0.000000	0.598596
-0.005069	91.744169	0.000000	0.441903
-0.009981	90.910131	0.000000	0.553203
-0.010534	90.091121	0.000000	0.480391
-0.008344	89.286736	0.000000	0.704694
-0.033333	88.496588	0.000000	0.044539
-0.027065	87.720302	0.000000	0.165952
-0.036962	86.957516	0.000000	0.137305
-0.086989	86.207883	0.000000	0.142193
-0.096593	85.471063	0.000000	3.282729
-0.027192	84.746732	0.000000	3.276629
-0.015402	84.034575	0.000000	3.190121
-0.014883	83.334287	0.000000	2.789525
-0.006915	82.645573	0.000000	5.076279
-0.005448	81.968151	0.000000	4.412077
-0.004133	81.301743	0.000000	4.552155
-0.003644	80.646084	0.000000	4.074063
-0.002272	80.000915	0.000000	5.540110
-0.002894	79.365987	0.000000	5.199331
-0.002443	78.741058	0.000000	5.287472
-0.004316	78.125894	0.000000	0.598660
-0.004982	77.520267	0.000000	4.849194
-0.004151	76.923957	0.000000	4.962174
-0.003257	76.336751	0.000000	4.335865
-0.034691	75.758442	0.000000	3.725917
-0.005811	75.188830	0.000000	6.054906
-0.005982	74.627719	0.000000	5.689069
-0.006489	74.074921	0.000000	5.405700
-0.038249	73.530253	0.000000	2.204764
-0.006020	72.993536	0.000000	5.151891
-0.005356	72.464597	0.000000	5.069270
-0.007617	71.943269	0.000000	4.665529
-0.015299	71.429388	0.000000	0.585914
-0.003960	70.922797	0.000000	5.017619
-0.004179	70.423341	0.000000	4.798688
-0.005457	69.930870	0.000000	4.452018
-0.002237	69.445239	0.000000	5.910586
-0.004413	68.966306	0.000000	4.674670
-0.003104	68.493934	0.000000	4.657352
-0.003392	68.027989	0.000000	4.398552
-0.002566	67.568340	0.000000	5.229025
-0.001719	67.114862	0.000000	5.572653
-0.001410	66.667429	0.000000	5.841910
-0.004103	66.225923	0.000000	0.711096
-0.009243	65.790226	0.000000	4.804929
-0.007432	65.360225	0.000000	5.365818
-0.011494	64.935808	0.000000	5.728091
-0.036339	64.516867	0.000000	6.052330
-0.028444	64.103297	0.000000	3.094230
-0.012711	63.694996	0.000000	3.310166
-0.007298	63.291863	0.000000	3.344593
-0.005193	62.893801	0.000000	5.418273
-0.010138	62.500715	0.000000	3.113808
-0.009287	62.112512	0.000000	3.097312
-0.008300	61.729101	0.000000	3.131661
-0.007833	61.350395	0.000000	3.709821
-0.006986	60.976307	0.000000	2.718586
-0.006048	60.606754	0.000000	2.645332
-0.005447	60.241653	0.000000	2.400728
-0.006963	59.880924	0.000000	1.550729
-0.004772	59.524490	0.000000	2.697721
-0.004244	59.172274	0.000000	2.562641
-0.003734	58.824202	0.000000	2.389011
-0.028827	58.480201	0.000000	1.774647
-0.006647	58.140200	0.000000	2.139921
-0.007099	57.804129	0.000000	2.046202
-0.011681	57.471922	0.000000	2.290200
-0.046639	57.143511	0.000000	5.628117
-0.006423	56.818832	0.000000	5.644572
-0.004194	56.497821	0.000000	5.780248
-0.001591	56.180418	0.000000	0.147314
-0.004939	55.866561	0.000000	5.179402
-0.002303	55.556191	0.000000	5.104577
-0.002831	55.249251	0.000000	5.103404
-0.001259	54.945683	0.000000	4.927299
-0.004016	54.645434	0.000000	0.300306
-0.002590	54.348448	0.000000	0.038850
-0.002171	54.054672	0.000000	6.213710
-0.003852	53.764056	0.000000	6.059759
-0.002561	53.476548	0.000000	0.201427
-0.005220	53.192098	0.000000	0.088023
-0.009196	52.910658	0.000000	6.215057
-0.028911	52.632181	0.000000	6.095292
-0.013310	52.356620	0.000000	2.989457
-0.003675	52.083929	0.000000	2.721206
-0.003989	51.814064	0.000000	6.232874
-0.043609	51.546981	0.000000	6.159873
-0.019056	51.282638	0.000000	2.770218
-0.009763	51.020992	0.000000	2.686052
-0.006628	50.762002	0.000000	2.846156
-0.013949	50.505628	0.000000	3.608425
-0.002814	50.251831	0.000000	2.668092
-0.003126	50.000572	0.000000	2.739802
-0.003384	49.751813	0.000000	2.365558
-0.003201	49.505517	0.000000	3.307006
-0.003205	49.261647	0.000000	2.415041
-0.002674	49.020169	0.000000	2.496304
-0.002194	48.781046	0.000000	2.280177
-0.005425	48.544245	0.000000	3.042840
-0.003869	48.309731	0.000000	2.487031
-0.005540	48.077473	0.000000	2.471878
-0.010070	47.847437	0.000000	2.351963
-0.027412	47.619592	0.000000	5.297697
-0.001394	47.393907	0.000000	5.426823
-0.001245	47.170351	0.000000	0.537984
-0.006502	46.948894	0.000000	1.326470
-0.013709	46.729506	0.000000	4.425702
-0.004569	46.512160	0.000000	4.260470
-0.002493	46.296826	0.000000	4.387556
-0.003444	46.083476	0.000000	4.315399
-0.004596	45.872084	0.000000	0.493661
-0.003063	45.662623	0.000000	0.272889
-0.001995	45.455065	0.000000	5.671169
-0.002552	45.249386	0.000000	0.091701
-0.001689	45.045560	0.000000	5.330010
-0.002348	44.843562	0.000000	4.903545
-0.002231	44.643368	0.000000	4.694030
-0.004042	44.444953	0.000000	3.809245
-0.005538	44.248294	0.000000	5.772461
-0.003738	44.053367	0.000000	5.415131
-0.004626	43.860151	0.000000	5.283084
-0.017229	43.668622	0.000000	5.672137
-0.004453	43.478758	0.000000	2.507685
-0.002910	43.290538	0.000000	1.490607
-0.005845	43.103941	0.000000	0.900647
-0.047655	42.918946	0.000000	0.724500
-0.006467	42.735532	0.000000	4.133267
-0.003427	42.553678	0.000000	4.057466
-0.002960	42.373366	0.000000	3.583701
-0.006945	42.194575	0.000000	3.611862
-0.001862	42.017287	0.000000	3.296852
-0.001991	41.841483	0.000000	3.904088
-0.003055	41.667143	0.000000	5.206738
-0.002225	41.494251	0.000000	3.402322
-0.002865	41.322787	0.000000	4.367403
-0.003422	41.152734	0.000000	4.259287
-0.006241	40.984075	0.000000	4.109209
-0.007109	40.816793	0.000000	0.413795
-0.002794	40.650871	0.000000	4.453420
-0.004356	40.486293	0.000000	4.419810
-0.008404	40.323042	0.000000	3.962012
-0.011532	40.161102	0.000000	6.264718
-0.004831	40.000458	0.000000	5.387821
-0.008574	39.841093	0.000000	5.270773
-0.026208	39.682994	0.000000	5.326757
-0.037615	39.526144	0.000000	2.138817
-0.013233	39.370529	0.000000	2.157109
-0.008650	39.216135	0.000000	1.990577
-0.012352	39.062947	0.000000	2.035043
-0.002685	38.910951	0.000000	4.137106
-0.002104	38.760133	0.000000	2.814464
-0.003047	38.610480	0.000000	2.945959
-0.002890	38.461978	0.000000	2.536463
-0.004346	38.314615	0.000000	2.385546
-0.002405	38.168376	0.000000	2.777087
-0.002890	38.023249	0.000000	2.727159
-0.000521	37.879221	0.000000	0.043356
-0.007304	37.736281	0.000000	2.316459
-0.005616	37.594415	0.000000	2.061719
-0.004324	37.453612	0.000000	1.928364
-0.010859	37.313860	0.000000	0.302523
-0.005766	37.175146	0.000000	1.819608
-0.004457	37.037461	0.000000	1.880844
-0.004616	36.900791	0.000000	1.759429
-0.034502	36.765126	0.000000	6.055474
-0.003896	36.630456	0.000000	0.936415
-0.003604	36.496768	0.000000	0.887077
-0.005678	36.364052	0.000000	0.741190
-0.011605	36.232299	0.000000	4.219214
-0.000979	36.101496	0.000000	1.143092
-0.002239	35.971634	0.000000	1.376902
-0.003995	35.842704	0.000000	1.051052
-0.005655	35.714694	0.000000	4.031815
-0.000520	35.587596	0.000000	1.079934
-0.002296	35.461399	0.000000	0.423755
-0.005921	35.336093	0.000000	0.498775
-0.007086	35.211670	0.000000	3.964079
-0.003159	35.088121	0.000000	4.264395
-0.003119	34.965435	0.000000	4.069255
-0.009913	34.843604	0.000000	3.933134
-0.008402	34.722619	0.000000	0.672508
-0.003932	34.602472	0.000000	0.751857
-0.004305	34.483153	0.000000	0.251367
-0.008596	34.364654	0.000000	6.117931
-0.003773	34.246967	0.000000	2.487203
-0.000573	34.130083	0.000000	0.599533
-0.002431	34.013995	0.000000	0.155258
-0.007817	33.898693	0.000000	5.378546
-0.001805	33.784170	0.000000	1.793586
-0.000535	33.670419	0.000000	1.019616
-0.000610	33.557431	0.000000	1.623204
-0.004205	33.445199	0.000000	3.982822
-0.001288	33.333715	0.000000	0.858898
-0.000704	33.222971	0.000000	3.977688
-0.002017	33.112962	0.000000	5.313673
-0.019967	33.003678	0.000000	2.742025
-0.001722	32.895113	0.000000	5.828497
-0.001286	32.787260	0.000000	4.826586
-0.001964	32.680112	0.000000	3.768770
-0.009674	32.573663	0.000000	5.831084
-0.002080	32.467904	0.000000	5.471729
-0.001693	32.362830	0.000000	4.628899
-0.002303	32.258434	0.000000	3.353161
-0.013414	32.154709	0.000000	5.514511
-0.002160	32.051649	0.000000	5.461960
-0.002435	31.949247	0.000000	5.485835
-0.006713	31.847498	0.000000	5.359856
-0.009853	31.746395	0.000000	2.238795
-0.001048	31.645932	0.000000	1.763929
-0.000230	31.546102	0.000000	1.575160
-0.001930	31.446901	0.000000	5.214110
-0.005306	31.348321	0.000000	2.379197
-0.001056	31.250357	0.000000	1.269781
-0.001976	31.153004	0.000000	5.779887
-0.006451	31.056256	0.000000	5.116840
-0.008250	30.960106	0.000000	1.931161
-0.003540	30.864551	0.000000	2.183331
-0.003574	30.769583	0.000000	1.891158
-0.010670	30.675198	0.000000	1.261076
-0.008069	30.581390	0.000000	3.287409
-0.005900	30.488154	0.000000	2.633867
-0.007758	30.395484	0.000000	2.722183
-0.034358	30.303377	0.000000	2.566529
-0.008029	30.211826	0.000000	5.621991
-0.003481	30.120826	0.000000	5.444173
-0.001614	30.030374	0.000000	5.422120
-0.004305	29.940462	0.000000	5.029522
-0.001039	29.851088	0.000000	0.529951
-0.000911	29.762245	0.000000	5.773321
-0.001520	29.673930	0.000000	5.630021
-0.004780	29.586137	0.000000	1.728487
-0.002682	29.498863	0.000000	5.629430
-0.002111	29.412101	0.000000	4.737187
-0.002613	29.325849	0.000000	4.291054
-0.015638	29.240101	0.000000	0.474233
-0.001150	29.154852	0.000000	5.719258
-0.002521	29.070100	0.000000	5.171365
-0.002705	28.985839	0.000000	5.302071
-0.011323	28.902065	0.000000	4.378660
-0.006940	28.818773	0.000000	4.420004
-0.009205	28.735961	0.000000	4.372759
-0.019900	28.653623	0.000000	4.482386
-0.035984	28.571755	0.000000	1.428490
-0.010006	28.490354	0.000000	1.435067
-0.006966	28.409416	0.000000	1.720755
-0.010635	28.328936	0.000000	2.012421
-0.006536	28.248911	0.000000	5.493586
-0.002596	28.169336	0.000000	0.400003
-0.002844	28.090209	0.000000	1.102261
-0.005123	28.011525	0.000000	1.605104
-0.002934	27.933280	0.000000	5.828222
-0.002467	27.855472	0.000000	6.212559
-0.003482	27.778096	0.000000	5.722554
-0.011428	27.701148	0.000000	5.988532
-0.004138	27.624625	0.000000	2.088295
-0.001679	27.548524	0.000000	0.222638
-0.002686	27.472842	0.000000	5.970960
-0.017530	27.397574	0.000000	5.087324
-0.004979	27.322717	0.000000	1.706194
-0.001754	27.248268	0.000000	1.009266
-0.002513	27.174224	0.000000	1.079384
-0.008284	27.100581	0.000000	0.400617
-0.000635	27.027336	0.000000	2.899198
-0.000979	26.954486	0.000000	3.640157
-0.000010	26.882028	0.000000	4.229674
-0.003152	26.809958	0.000000	5.296308
-0.001659	26.738274	0.000000	6.109649
-0.001420	26.666972	0.000000	6.147559
-0.000184	26.596049	0.000000	0.163629
-0.003744	26.525502	0.000000	3.999096
-0.001263	26.455329	0.000000	5.003721
-0.002369	26.385526	0.000000	5.429744
-0.004088	26.316090	0.000000	5.642288
-0.002362	26.247019	0.000000	3.327834
-0.001041	26.178310	0.000000	3.559452
-0.001494	26.109959	0.000000	4.925808
-0.007008	26.041965	0.000000	5.200808
-0.009226	25.974323	0.000000	2.227016
-0.002037	25.907032	0.000000	1.563158
-0.001995	25.840089	0.000000	0.974118
-0.006697	25.773491	0.000000	5.418683
-0.008925	25.707235	0.000000	2.391676
-0.002478	25.641319	0.000000	2.523419
-0.001251	25.575740	0.000000	2.064433
-0.001573	25.510496	0.000000	6.142158
-0.004396	25.445584	0.000000	2.380160
-0.002482	25.381001	0.000000	2.655069
-0.001488	25.316745	0.000000	2.989286
-0.004729	25.252814	0.000000	3.156249
-0.000689	25.189205	0.000000	2.586755
-0.001353	25.125916	0.000000	2.819328
-0.002178	25.062943	0.000000	3.284151
-0.005990	25.000286	0.000000	2.640265
